,0,1,2,3,4
0,2c9180975a056a64015a1e10d3f270fe,0.8920886445523052,0.00020240362453642773,0.07142915249034804,0.03627979933281034
1,2c9180975a056a64015a1de4deb16bdc,0.9978698984349792,0.0007309510361640427,0.0001208300148651444,0.0012783205139916968
2,2c9180975a056a64015a1e0e70ea70ce,0.857165260464799,0.00031292073316536295,0.04791728024155423,0.09460453856048152
3,2c9180975a056a64015a1dfed0c46ec6,0.8549700434203759,0.0003265736697677327,0.0577320162063748,0.08697136670348164
4,2c9180975a056a64015a1dfed0c46ec7,0.9972448899395925,0.0010922299229979622,0.0002215875936289239,0.001441292543780573
5,2c9180975a056a64015a1e44ba4377f8,0.2793729691957019,0.0017825886636081206,0.6425926612641579,0.076251780876532
6,2c9180975a056a64015a1e010c8f6ee1,0.9972606009254615,0.0009532629812940358,0.00014697949622902428,0.001639156597015329
7,2c9180975a056a64015a1e1db63072aa,0.8921580387418042,0.00019625358709918727,0.07409072038786464,0.033554987283231995
8,2c9180975a056a64015a1e1db63072a8,0.15914692827898014,0.009527385560062964,0.8142167914612681,0.01710889469968866
9,2c9180975a056a64015a1e2354f5733c,0.07969380226618354,0.014975235136355645,0.8852669020206936,0.020064060576767136
10,2c9180975a056a64015a1e07928f6ff8,0.9977590381911601,0.0007213099808621404,0.00010418367474003721,0.0014154681532377188
11,2c9180975a056a64015a1e20a607730a,0.9971885114185942,0.0010354697811076913,0.00017679774434106363,0.0015992210559569833
12,2c9180975a056a64015a1e3322e37587,0.08145612720712547,0.048526583459660176,0.8655601437592643,0.004457145573950055
13,2c9180975a056a64015a1e050c296fcd,0.8303722036320641,0.00039315254021720573,0.05998963543570665,0.10924500839201211
14,2c9180975a056a64015a1e050c296fcf,0.8821156547242486,0.00024871391897559426,0.062466851968194737,0.05516877938858117
15,2c9180975a056a64015a1e04ad9f6f84,0.12731192971035124,0.009027032587432489,0.8534390794923064,0.010221958209909999
16,2c9180975a056a64015a1de7a19c6c2b,0.8823233655459575,0.00022927378385680151,0.07600557004229724,0.04144179062788838
17,2c9180975a056a64015a1e1180a37123,0.11005059749436669,0.012373691268155736,0.8580987260838892,0.019476985153588457
18,2c9180975a056a64015a1e1d735c729b,0.9972076001768513,0.0012717152469203178,0.0003991311382131403,0.0011215534380152904
19,2c9180975a056a64015a1e1d735c729c,0.10118587112099783,0.011772227384832593,0.8723556543181755,0.0146862471759941
20,2c9180975a056a64015a1e41bbc27765,0.925117222739891,0.0001364497749837601,0.04498415874831277,0.029762168736812276
21,2c9180975a056a64015a1e41bbc2775e,0.8686173710233978,0.00028672195172624337,0.06709088988369304,0.06400501714118288
22,2c9180975a056a64015a1ddc1a306b28,0.12512752112823347,0.010949174480245608,0.8469058689049649,0.017017435486556088
23,2c9180975a056a64015a1de453e96baf,0.9976408491029182,0.0009109089865629768,0.000185065171346436,0.0012631767391723665
24,2c9180975a056a64015a1e264d5f73c0,0.8421815860877858,0.0003583852260765454,0.05571620667666614,0.10174382200947164
25,2c9180975a056a64015a1e23443e7337,0.9971831945310715,0.0009673586184021604,0.00014398981132728372,0.001705457039198957
26,2c9180975a056a64015a1dce7ac869b5,0.1192181118550572,0.011958468225349354,0.8487488089411366,0.020074610978456905
27,2c9180975a056a64015a1e35cd3175a7,0.14270866238548874,0.010029443238144923,0.830726111983014,0.01653578239335232
28,2c9180975a056a64015a1de210cb6b96,0.8691139199090439,0.0002818809424840116,0.04547378770483196,0.08513041144364016
29,2c9180975a056a64015a1de210cb6b95,0.09067182600532987,0.0649056883930586,0.8328987481521078,0.011523737449503598
30,2c9180975a056a64015a1e041ed06f68,0.12264970833157993,0.010568741016665334,0.8518375484529914,0.014944002198763283
31,2c9180975a056a64015a1e075da56ff2,0.9974511727435422,0.0009519609538040528,0.00017400826504813442,0.001422858037605541
32,2c9180975a056a64015a1dedca666cb1,0.1204731891091114,0.01217701860125549,0.8459238285362451,0.021425963753388077
33,2c9180975a056a64015a1e304546752a,0.8369040827390839,0.0003794381659188884,0.06573058772649261,0.0969858913685047
34,2c9180975a056a64015a1dedca666cb2,0.9972561644102229,0.0009318895754939988,0.0001372598486243368,0.0016746861656587078
35,2c9180975a056a64015a1dee86696cd8,0.703822831746924,0.0005690680160398723,0.23999589422383835,0.05561220601319773
36,2c9180975a056a64015a1e01db306f4a,0.100081059326337,0.041981834653618516,0.8539954958907792,0.003941610129265399
37,2c9180975a056a64015a1dd566ae6a82,0.8817954434305451,0.00025151210612506307,0.04538092020696949,0.07257212425636034
38,2c9180975a056a64015a1dee5d166cd0,0.9976461037528846,0.000890490850651242,0.00017282863972283127,0.0012905767567413515
39,2c9180975a056a64015a1dd566ae6a83,0.13728456595951724,0.010581996925380657,0.8341888859989315,0.017944551116170562
40,2c9180975a056a64015a1dfb2f626e41,0.9975969102082491,0.0007908585385818545,0.0001156970620935212,0.001496534191075469
41,2c91809a59f17e5d015a21a5627830e0,0.11830057945257784,0.010949241694568082,0.8552107042347092,0.015539474618144825
42,2c91809a59f17e5d015a21a7f5093117,0.8728477183786467,0.0002663701976390612,0.07379723488251906,0.053088676541195125
43,2c91809a59f17e5d015a21a7f5093121,0.14298631905964992,0.029364067043901772,0.8251505864378279,0.0024990274586204073
44,2c9180975a056a64015a1e4c3a11791f,0.9976826006195662,0.0007638913115572663,0.0001136093167943374,0.0014398987520822155
45,2c9180975a056a64015a1e4c3a117920,0.15040019025108872,0.025902789967407712,0.8217641644549604,0.001932855326543153
46,2c9180975a056a64015a1e1433667153,0.10936332187752698,0.05561610016444839,0.8256257875792822,0.00939479037874238
47,2c9180975a056a64015a1ddb8a456b05,0.9969579290786391,0.0012153311651145705,0.00024109287704183314,0.00158564687920448
48,2c9180975a056a64015a1df0d6066cf4,0.1339136689265686,0.01038571519814029,0.8392782694374207,0.016422346437870407
49,2c9180975a056a64015a1e074c876fef,0.9969762967691718,0.0010606391271194976,0.00015990649604374045,0.0018031576076651022
50,2c9180975a056a64015a1dc26fe66863,0.1299172622323817,0.030891927488311276,0.8367186882928888,0.0024721219864183093
51,2c9180975a056a64015a1e074c876fed,0.9971480541228827,0.0009431482609551682,0.0001305380999000791,0.0017782595162622074
52,2c9180975a056a64015a1e5b850e7ae3,0.9975432434772311,0.0008787301652525617,0.00014901678162375695,0.001429009575892502
53,2c9180975a056a64015a1e5b850e7ae1,0.9976583048727158,0.0007618633833278906,0.00011029038931261602,0.001469541354643801
54,2c91809e5aba7d25015acd6875ca209b,0.8635964119036561,0.0003035736905317292,0.062026372395698845,0.07407364201011336
55,2c91809e5aba7d25015acd44a99d1e9f,0.9975647707053953,0.0008613219380481425,0.00014335159041347826,0.0014305557661429714
56,2c9180a35b853b13015b8b8c25f75369,0.2085055041713092,0.006460110737676637,0.7750756307955345,0.00995875429547969
57,2c9180935b853a2d015b8b9b42525153,0.09582251311108102,0.011804145519491889,0.8789282175683915,0.0134451238010356
58,2c91808e5aba7da4015acd3f993557d4,0.09582251311108102,0.011804145519491889,0.8789282175683915,0.0134451238010356
59,2c91808e5aba7da4015acd3f655a57be,0.9978503366441156,0.0007981817232996593,0.00015421275117426405,0.001197268881410485
60,2c9180ad5b853aa1015b8b82f7725436,0.998088368754359,0.0006586771454943054,0.00011440356172649007,0.0011385505384201417
61,2c9180975a056a64015a1e5865077a5e,0.1890709041420379,0.008589420633282007,0.7852449869367466,0.017094688287933542
62,2c9180975a056a64015a1e44cfea77fd,0.870519795670773,0.0002372576985740997,0.09250035092557071,0.03674259570508222
63,2c9180975a056a64015a1e5ed1d57b22,0.9976461037528846,0.000890490850651242,0.00017282863972283127,0.0012905767567413515
64,2c9180975a056a64015a1e5ed1d57b21,0.13489832844344687,0.010019531582321663,0.8399983221744567,0.015083817799774808
65,2c91809a59f17e5d015a219e78d93061,0.9974936503522466,0.000854474457739395,0.0001311509116663758,0.0015207242783476516
66,2c91809a59f17e5d015a219e78d93060,0.0853776086391257,0.013764243694258904,0.8833953796224487,0.017462768044166688
67,2c91809a59f17e5d015a21bde7a934f0,0.08217451458795332,0.013143502821153693,0.8905381244072157,0.014143858183677409
68,2c91809a59f17e5d015a21bde7a934ef,0.15440549809339443,0.00883668459575228,0.823323430593789,0.013434386717064241
69,2c91809a59f17e5d015a21bde7a934f4,0.9951056170467524,0.0021441188933939625,0.00044347597009122445,0.0023067880897624416
70,2c9180975a056a64015a1e6ed9d67c45,0.9983292240392312,0.000571776788072964,0.00010325637876974619,0.0009957427939261286
71,2c9180975a056a64015a1e4849057896,0.13074184640550507,0.04224446488792235,0.8213093198837419,0.005704368822830723
72,2c9180975a056a64015a1e4849057895,0.9984020463482625,0.0005413332815718105,9.7538595585805e-05,0.0009590817745799519
73,2c91809a59f17e5d015a21a830a03132,0.08535850412352564,0.012693848003484701,0.8883398507734147,0.013607797099574796
74,2c9180975a056a64015a1e6ed9d67c4d,0.9976910307890532,0.0007993136329977674,0.00013026494645979517,0.0013793906314892824
75,2c91809659f86230015a08b10bc66c48,0.9973601274081673,0.0009634776197170517,0.0001654899075142008,0.0015109050646016189
76,2c91809659f86230015a0a1559e12a1e,0.9957856331232736,0.001738168582148585,0.0003258102816036763,0.002150388012974186
77,2c91809659f86230015a0811d9775e26,0.8604789830184789,0.00030898714358563117,0.07153541655041423,0.06767661328752118
78,2c91809659f86230015a08cf83396eca,0.9972621203770043,0.0010203768198392088,0.00018046746449036354,0.0015370353386661554
79,2c91809659f86230015a0886ce2a6829,0.9968400434030362,0.0011722900920641793,0.0001941131117646218,0.0017935533931349404
80,2c91809659f86230015a08cf83396ec5,0.9975865199397854,0.0008834169134700766,0.0001581204971598415,0.0013719426495845564
81,2c91809659f86230015a0864733f652c,0.12280173449739769,0.04603051403612752,0.8245782143082061,0.006589537158268765
82,2c91809659f86230015a0841dafc621a,0.9976215070989636,0.0007929644975769099,0.00011917880821885365,0.00146634959524059
83,2c91809659f86230015a0864733f652a,0.13119649674682998,0.010018911442717972,0.8443725162045168,0.014412075605935075
84,2c91808d5aba7da4015acde018f764b2,0.8269170281542666,0.00038359016687350075,0.10607658817257032,0.06662279350628951
85,2c91808d5aba7da4015acde018f764af,0.09557249612237499,0.01304436227503042,0.8733626974002756,0.018020444202318953
86,2c91808e5aba7da4015acdba35e15e7d,0.09787293979755937,0.012605065721713729,0.8725616490853114,0.01696034539541555
87,2c91808e5aba7da4015acdea5abc617e,0.8572890708398883,0.000314270068964472,0.04936741644640342,0.09302924264474383
88,2c9180845aba7d30015acdbd097004e6,0.8458702470838796,0.0003476911740118456,0.08215325932590924,0.07162880241619929
89,2c91808d5aba7da4015acdaa928a6136,0.09969003891001883,0.013034108182826376,0.8680028749977285,0.01927297790942623
90,2c91808e5aba7da4015acd7e578b5afa,0.1785775516985914,0.008556401321605882,0.7973170439862269,0.015549002993575747
91,2c91808d5aba7da4015acd8d91465f64,0.20552373285567865,0.019395048310902635,0.7735523781074611,0.0015288407259576493
92,2c91808d5aba7da4015acd8d91465f61,0.8280810864539084,0.0004070879715866193,0.07584776543181086,0.09566406014269402
93,2c91808e5aba7da4015acd7e578b5afd,0.8881869111075498,0.00022899086238359085,0.06320481956048332,0.048379278469583294
94,2c91808e5aba7da4015acd9760c15c1b,0.9967829643043042,0.0011660366848695847,0.00018293188840707008,0.0018680671224189846
95,2c91808e5aba7da4015acd9760c15c1a,0.11946714621292423,0.011142176261785567,0.8528117981238357,0.016578879401454593
96,2c9180845aba7d30015acde7e47f06a4,0.8852430135277222,0.00024005197196552176,0.06136489867107598,0.05315203582923622
97,2c91808e5aba7da4015acde2207160e7,0.892838621388169,0.00020815265350009737,0.06696824242524602,0.039984983533084995
98,2c91808e5aba7da4015acde486e76119,0.8529376234786141,0.0003282826682578003,0.07774891983391069,0.06898517401921742
99,2c91808e5aba7da4015acde2207160e8,0.15498900845658206,0.027896738804839692,0.8146464179935295,0.0024678347450487977
100,2c91808e5aba7da4015acddff6ac60c5,0.8778220843331991,0.00024190245573961621,0.07806399579858304,0.0438720174124783
101,2c9180845aba7d30015acde7e47f06aa,0.20791314531930613,0.019778012057395874,0.7706727707692663,0.0016360718540317021
102,2c91808d5aba7da4015acdec7849655c,0.8878426056696541,0.00021678848347660243,0.07201436957161819,0.039926236275251235
103,2c9180975a056a64015a1e4e95a97945,0.06184040364101504,0.0177770710002131,0.8982200880589059,0.022162437299866028
104,2c9180975a056a64015a1e62a6f57b6d,0.997527015799153,0.0008025582633641536,0.00011334412118954083,0.001557081816293276
105,2c9180975a056a64015a1e62a6f57b6e,0.11950280465264167,0.03747040070075317,0.8393253372862173,0.003701457360387913
106,2c9180975a056a64015a1e44fa15781d,0.9980181972483593,0.0006819384817902895,0.0001165069057132106,0.0011833573641371487
107,2c9180975a056a64015a1e3f26a47717,0.9977128118424469,0.0008014405005177454,0.00013418476854887686,0.0013515628884864734
108,2c9180975a056a64015a1e58d40e7aa8,0.1677345358919042,0.022025332549219432,0.808738050896262,0.001502080662614425
109,2c9180975a056a64015a1e44e95b7800,0.8904632528586617,0.0002243134990391339,0.06091316503621853,0.048399268606080584
110,2c9180975a056a64015a1e44e95b7808,0.886860610154196,0.00022687521507463128,0.06810157391077809,0.04481094071995115
111,2c9180975a056a64015a1e44e95b780f,0.8630252928408326,0.00030433155759983227,0.05572230112526366,0.08094807447630373
112,2c91808e5aba7da4015acd4229d357fe,0.13393850561699963,0.04003889209981738,0.8208965779131668,0.005126024370016263
113,2c91809e5aba7d25015acdc01e892881,0.033062386042938555,0.024596027104320514,0.9216730752730626,0.020668511579678306
114,2c91808e5aba7da4015acd3f655a57c2,0.1578110273949255,0.009174568019996355,0.8176806144487014,0.015333790136376625
115,2c91809e5aba7d25015acd47c6251ed2,0.12288380152646843,0.011143527202801533,0.8486215915500851,0.017351079720644914
116,2c9180ad5b853aa1015b8b5aeef751bd,0.997264368478586,0.00109514481529553,0.00022825676331687559,0.0014122299428015528
117,2c91809e5aba7d25015acd49fc7b1f01,0.8200133427433387,0.0004158532833927551,0.056795843697055155,0.12277496027621335
118,2c91808e5aba7da4015acd2dfdd056ff,0.06887034791318919,0.016596417548169998,0.8930452242202134,0.021488010318427425
119,2c9180a35b853b13015b8b57334a5047,0.7091035568786459,0.0005997621253040102,0.22616710766074544,0.06412957333530456
120,2c9180935b853a2d015b8b60875a4cef,0.043131052890710196,0.05690585527328519,0.8973832904258803,0.002579801410124279
121,2c91809e5aba7d25015acdc01e892888,0.9279259152015026,0.00012949632463865588,0.04381636327043062,0.028128225203428177
122,2c91808d5aba7da4015acd47ee815caa,0.13464215182437403,0.008399568196192982,0.8477328134453445,0.009225466534088558
123,2c9180845aba7d30015acdc866670576,0.3017856881949099,0.0017212133816552214,0.6163385125002594,0.08015458592317543
124,2c91808d5aba7da4015acd47ee815ca0,0.021840907047742268,0.07674644863552713,0.8992909437052304,0.002121700611500184
125,2c9180ad5b853aa1015b8c0df5d85bf3,0.643482331154635,0.0006807738652221176,0.2983149927472075,0.05752190223293529
126,2c9180ad5b853aa1015b8c0df5d85bf8,0.9972619436640683,0.0008729310858201259,0.00011515575983340281,0.0017499694902781524
127,2c91808e5aba7da4015acd5409db58f7,0.8200123887608908,0.00042129409657532126,0.09780156077115595,0.08176475637137798
128,2c9180935b853a2d015b8bd0b96954a9,0.9970049827128694,0.0010634757274818718,0.00016472045994911366,0.001766821099699593
129,2c91808e5aba7da4015acd9f8e0d5c94,0.09230613138996462,0.012225240915271614,0.8814908159073419,0.013977811787421907
130,2c9180ad5b853aa1015b8b69c6a95289,0.9966902037413572,0.0014303921509931188,0.0003387025167290722,0.0015407015909205419
131,2c91809e5aba7d25015acd4d0d041f3f,0.8762656618159411,0.000266152150540138,0.06292667673340989,0.06054150930010889
132,2c9180ad5b853aa1015b8b69c6a95292,0.06507867503007564,0.016150160708475306,0.900990191961696,0.017780972299753096
133,2c91809e5aba7d25015acd4d0d041f3c,0.14208618909903145,0.030446735834614783,0.8247411263523505,0.002725948714003132
134,2c9180845aba7d30015acd5c653c00d9,0.11172163512220487,0.041538978189153884,0.8422769584141482,0.004462428274493048
135,2c9180ad5b853aa1015b8b9bfc775648,0.11172163512220487,0.041538978189153884,0.8422769584141482,0.004462428274493048
136,2c9180a35b853b13015b8b725f9851ce,0.06805289095769886,0.017137692655725758,0.8915113749587579,0.023298041427817447
137,2c9180845aba7d30015acd5c653c00be,0.9971548962552804,0.0009647816213666729,0.0001397821203791264,0.0017405400029737663
138,2c91808e5aba7da4015acd44d6df5829,0.03629281326586598,0.02429624745952212,0.9155055712556945,0.023905368018917447
139,2c9180935b853a2d015b8b9a210c513c,0.10161573117097834,0.013487705070863828,0.8629851524102415,0.021911411347916243
140,2c91808e5aba7da4015acd44d6df5823,0.10161573117097834,0.013487705070863828,0.8629851524102415,0.021911411347916243
141,2c9180935b853a2d015b920353111f7c,0.13232007789153388,0.03262490985360975,0.8321054511884214,0.0029495610664349997
142,2c91808d5aba7da4015acd4aac205ccd,0.997006372564397,0.0010878780476568728,0.00017638660677549343,0.0017293627811706333
143,2c9180935b853a2d015b8b65c9ab4d46,0.8683981088463776,0.0002768940104525234,0.07723874751385133,0.054086249629318614
144,2c91808d5aba7da4015acd4d46cd5d15,0.9970587739608503,0.0010937026988299082,0.00018716612327352678,0.001660357217046332
145,2c91808e5aba7da4015acd4a1b465873,0.16502041174804258,0.026973388647230496,0.8055198106713193,0.0024863889334076086
146,2c91808d5aba7da4015acd473c315c7a,0.06969553095732228,0.016071793843571113,0.89441695892369,0.019815716275416593
147,2c9180935b853a2d015b8b5c6a6f4cbd,0.9971869837801681,0.0009895481726475655,0.0001541864852775189,0.0016692815619069618
148,2c91808d5aba7da4015acd473c315c7d,0.9966845412252839,0.0012957354035211656,0.00023564560070940289,0.0017840777704855937
149,2c91808d5aba7da4015acda20ef360a5,0.9975139137977507,0.0008375481905413095,0.00012616512102191877,0.0015223728906861454
150,2c91808d5aba7da4015acdb8ac7b61d7,0.7701351544339331,0.0005523737749575173,0.1404536191972766,0.08885885259383283
151,2c91808d5aba7da4015acdb8ac7b61d6,0.8686173710233978,0.00028672195172624337,0.06709088988369304,0.06400501714118288
152,2c91808e5aba7da4015acd5a21f15954,0.9975625250541993,0.0008420166739044635,0.00013387316296324328,0.0014615851089328986
153,2c91808e5aba7da4015acd4cd5795897,0.8626353476908417,0.00026376780620105967,0.09503501693884898,0.04206586756410825
154,2c9180a35b853b13015b8b5b03f15063,0.8626353476908417,0.00026376780620105967,0.09503501693884898,0.04206586756410825
155,2c9180845aba7d30015acdc5b2610540,0.19398158673687324,0.022973486660084693,0.7809231245103254,0.0021218020927165657
156,2c91808d5aba7da4015acdb8ac7b61cd,0.9977937351306847,0.0007741064256994751,0.00013176238680345385,0.001300396056812263
157,2c9180845aba7d30015acdc5b2610547,0.8400145661064713,0.0003533470549792948,0.09431053269514744,0.06532155414340202
158,2c91808e5aba7da4015acd4cd57958a5,0.8790576178784011,0.00024127335761252436,0.0759633026658031,0.044737806098183314
159,2c91808e5b853b1a015b8b770bcf4c3b,0.9961812651654318,0.001455211477416349,0.00023670066574308797,0.0021268226914088863
160,2c91808e5aba7da4015acd5a43015971,0.5875768879443793,0.004598357080873661,0.3805120142128031,0.027312740761943847
161,2c91808e5aba7da4015acd5a43015973,0.8187673454232433,0.0004275414195114676,0.09600455923661701,0.08480055392062831
162,2c91808d5aba7da4015acdd3fa8963b2,0.7159953103496599,0.0005874938345738348,0.21926443853104052,0.06415275728472578
163,2c91809e5aba7d25015acde7c2c62b7f,0.9967221260288835,0.0011598138699588294,0.00017239420495746214,0.0019456658962002575
164,2c9180ad5b853aa1015b8b88d370551e,0.18449175901090525,0.02471989360176064,0.788430461987302,0.0023578854000320354
165,2c9180935b853a2d015b8b6f39a04e0e,0.12018321914002097,0.011542962853824204,0.8498216217692921,0.018452196236862728
166,2c91808e5aba7da4015acd546633590d,0.9973802285807772,0.0009882045114986394,0.00018254179371029856,0.0014490251140139429
167,2c91808d5aba7da4015acdd3fa8963b7,0.07684820605117167,0.013217312622909335,0.8972409099520819,0.01269357137383697
168,2c91808e5b853b1a015b8ba12a9c4e66,0.9973802285807772,0.0009882045114986394,0.00018254179371029856,0.0014490251140139429
169,2c9180935b853a2d015b9251f48f23e3,0.870186918856286,0.0002605622195591349,0.08313124370205426,0.04642127522210058
170,2c9180ad5b853aa1015b8b730c72535e,0.8391279277159714,0.0003711044416838818,0.08053042537684754,0.0799705424654972
171,2c91808e5aba7da4015acd5a62bc5988,0.9970793561941782,0.0011217904923683196,0.00020645518411441602,0.001592398129339081
172,2c9180a35b853b13015b8b58df1a5059,0.8911516299688883,0.00016997411257205032,0.0847008672213215,0.02397752869721815
173,2c9180845aba7d30015acd5c653c00d8,0.8739404911031412,0.00025847284353146293,0.07659906506443755,0.04920197098888972
174,2c9180ad5b853aa1015b8b6d289f52d5,0.8867590227690098,0.00021401292309095537,0.07537316688384328,0.037653797424055946
175,2c9180845aba7d30015acd4d2ca00037,0.07626097971263461,0.014536197470337716,0.8922653596996973,0.016937463117330322
176,2c9180ad5b853aa1015b8b61066151f5,0.1882477393406164,0.023372308476788003,0.7862654468771726,0.0021145053054229344
177,2c9180a35b853b13015b8bdae78b5875,0.9976061477191527,0.0008275350536896309,0.00013265948272610074,0.0014336577444314662
178,2c91808d5aba7da4015acdae944f616e,0.9976061477191527,0.0008275350536896309,0.00013265948272610074,0.0014336577444314662
179,2c91809e5aba7d25015acdb99fff27ce,0.19151833252825232,0.020105525673918413,0.7868901511723969,0.0014859906254321878
180,2c91809e5aba7d25015acd722bec2179,0.1576614903298391,0.027408964233285538,0.8125106236257686,0.0024189218111067136
181,2c9180935b853a2d015b8b9a210c514a,0.7706948631920041,0.0005765667725548556,0.07675349339307619,0.15197507664236481
182,2c91808e5b853b1a015b8b9c5cfb4e2f,0.9976712255969338,0.0008154668559347643,0.00013541256888104463,0.0013778949782504832
183,2c91808e5b853b1a015b8b9c5cfb4e29,0.16225128806324324,0.02745488949696008,0.8077570481565828,0.0025367742832138173
184,2c91808e5aba7da4015acd68cea25a0e,0.07249633725669953,0.015536237393138608,0.8928830276798095,0.019084397670352384
185,2c91809659f86230015a08ad579a6bd9,0.9977398249716357,0.0008821729193349113,0.0001871897491552159,0.001190812359874165
186,2c91809659f86230015a085af3516476,0.9973749938286621,0.0008822856242361021,0.00012965884123865184,0.001613061705863143
187,2c91809659f86230015a08d006806f3c,0.0742082376015647,0.014563527439868712,0.8950118159372262,0.016216419021340543
188,2c91809659f86230015a0853b4356382,0.9975199109476887,0.0009170481009136759,0.0001658740778906086,0.001397166873507014
189,2c91809659f86230015a09b5d5e012b1,0.04686086716917357,0.06156157999800217,0.8875760068326934,0.004001546000130906
190,2c91809659f86230015a09b5d5e012ac,0.06164848209643509,0.016227185894345113,0.9058076559769747,0.016316676032245146
191,2c91809659f86230015a08913d696916,0.889900748147072,0.00023137453664540526,0.044728981285035115,0.06513889603124749
192,2c91809659f86230015a091d86587829,0.9974531701362573,0.0009306187347435496,0.00016250186835699117,0.0014537092606419825
193,2c91808e5aba7da4015acdea7a2b61a5,0.17233050525816465,0.02416087080039813,0.8015053352335404,0.002003288707896856
194,2c91809e5aba7d25015acd7eaf23224a,0.9964876285684026,0.0015415135691275658,0.00037277731722888067,0.001598080545241058
195,2c91808d5aba7da4015acd9bc1406042,0.16342345191182805,0.029069746592330886,0.8045415814225804,0.0029652200732606204
196,2c9180935b853a2d015b8b5ac4b74c9c,0.039551718797329376,0.025089695201120442,0.9035895601221131,0.03176902587943708
197,2c91809e5aba7d25015acd75ac2f21b6,0.12852443150226858,0.03258026974647744,0.8360817894746977,0.0028135092765563417
198,2c91808d5aba7da4015acd99124c6005,0.9972530239969385,0.0011202740218343827,0.00024442192232492887,0.0013822800589021907
199,2c91808e5aba7da4015acddda7fe607c,0.1739147961948111,0.02509647598432201,0.7987490256044479,0.0022397022164189224
200,2c91809e5aba7d25015acda9589c265e,0.7119715148002659,0.0005780059808146236,0.22707675410392902,0.060373725114990416
201,2c91808e5aba7da4015acdaf08755d6d,0.9972360036075817,0.001041006385949653,0.00018760098864520884,0.0015353890178234919
202,2c91808e5aba7da4015acdaf08755d6c,0.08102513462965448,0.01425486923772441,0.8869742816177607,0.017745714514860376
203,2c91808e5aba7da4015acdaf08755d6a,0.15249467544819342,0.00951027636821743,0.8220421310929782,0.01595291709061102
204,2c91809e5aba7d25015acd81b03022af,0.8771393426528615,0.0002663018221324588,0.055017460171550556,0.06757689535345546
205,2c91808d5aba7da4015acdcabe7a6325,0.8728397580164007,0.00027577576312320213,0.06405959855332619,0.0628248676671498
206,2c91808d5aba7da4015acdcabe7a632a,0.0626192843953353,0.01722432345194437,0.8997073517781337,0.020449040374586606
207,2c91809e5aba7d25015acdc38c432900,0.09330872375582688,0.013497246284257369,0.8740505823719713,0.019143447587944458
208,2c91809e5aba7d25015acdc38c4328fb,0.803930388419716,0.0004644587033028163,0.06170746382205048,0.1338976890549308
209,2c91809e5aba7d25015acdc38c4328f4,0.8861459170427467,0.0002412313576006335,0.055257776006337224,0.05835507559331549
210,2c9180845aba7d30015acdb5b8cc0441,0.1743276411780676,0.02463129870587742,0.7988977855112636,0.002143274604791469
211,2c91809e5aba7d25015acdc892a9292e,0.9973599765035738,0.0008431736938899492,0.00011307858966641742,0.0016837712128699657
212,2c91808d5aba7da4015acdc2b30e6266,0.8828570775022055,0.00023573967906262652,0.07126656003135258,0.04564062278737923
213,2c9180845aba7d30015acdd72cb405ec,0.9000872823880287,0.0001929162301317635,0.061158918594628825,0.03856088278721066
214,2c9180845aba7d30015acdae1b9903d2,0.16353059677056841,0.025970289005133398,0.8082750158071969,0.0022240984171013247
215,2c9180935b853a2d015b8b7d5aa84ec6,0.9966502088433262,0.0011277361202650033,0.00015171631940519986,0.002070338717003663
216,2c91808d5aba7da4015acdc65a906300,0.1580996825792314,0.026909211825650207,0.8126756743792939,0.0023154312158245576
217,2c91808d5aba7da4015acdc65a9062ff,0.8640303519535175,0.00030245227167966714,0.0602622811300543,0.07540491464474869
218,2c9180935b853a2d015b8b7d5aa84ec9,0.1582855238128219,0.029547014874677334,0.8092148564761265,0.0029526048363741854
219,2c9180935b853a2d015b8b7d5aa84ec8,0.9974531701362573,0.0009306187347435496,0.00016250186835699117,0.0014537092606419825
220,2c91808d5aba7da4015acdcabe7a6330,0.10897849228328621,0.012160469126273776,0.8606009644415049,0.018260074148935084
221,2c91808d5aba7da4015acddb8bfb646b,0.8903827434625556,0.00021242730604013662,0.06944911478048497,0.03995571445091913
222,2c91808d5aba7da4015acdcabe7a6335,0.8252986153416192,0.00040345231759826474,0.05751298644908726,0.11678494589169527
223,2c91808d5aba7da4015acddb8bfb6461,0.143171675320045,0.009159385481688312,0.8346152860171815,0.013053653181085183
224,2c91809e5aba7d25015acdd6c89f2a6b,0.06486872675065322,0.017452403192824963,0.8949583766355895,0.02272049342093233
225,2c9180975a056a64015a1e296a08742a,0.14461398825317232,0.032824195038044936,0.8191566783426867,0.0034051383660961307
226,2c91809a59f17e5d015a21a48da730b9,0.10072054568482913,0.0366151609962076,0.8599857188154179,0.002678574503545335
227,2c91809a59f17e5d015a21a48da730bb,0.8713913098685665,0.00027759141610925924,0.06778899334210559,0.06054210537321878
228,2c9180975a056a64015a1e556ce479e9,0.13680830494118623,0.010775548043768868,0.8336905900320842,0.018725556982960724
229,2c9180975a056a64015a1e52ab4679be,0.9973320022415186,0.0009183094732815353,0.000140109693158965,0.0016095785920409139
230,2c91809a59f17e5d015a21a7937830fe,0.1697213377051338,0.00822118506713317,0.8090727666968827,0.012984710530850352
231,2c9180975a056a64015a1e58ec867ab9,0.05043715499739604,0.01977446905327329,0.9080164214561043,0.021771954493226258
232,2c9180975a056a64015a1e58ec867abc,0.9980492777741233,0.0007337810050593603,0.0001517765258084015,0.0010651646950089284
233,2c91809a59f17e5d015a21bed0cb3545,0.8444016484017326,0.0003505850126261585,0.053607485509486665,0.1016402810761546
234,2c9180975a056a64015a22a3fb7e1824,0.8652468391199176,0.0002918639417877984,0.04627393482202989,0.08818736211626466
235,2c9180975a056a64015a22a3fb7f1827,0.1362620640664655,0.03268025521468272,0.8279644935297298,0.003093187189121958
236,2c91809659f86230015a08f6a520737e,0.8731157785932345,0.0002726889602790938,0.06718536922096012,0.05942616322552633
237,2c91809659f86230015a08f6a5207380,0.13912330389010424,0.034597182780686936,0.8225801979536955,0.003699315375513364
238,2c91809659f86230015a08913d696913,0.9976685585773571,0.0007971920238544702,0.00012645955571570833,0.0014077898430726267
239,2c91809659f86230015a08913d696914,0.15560696046498834,0.009170373507098081,0.8202405582464604,0.014982107781453124
240,2c91808e5aba7da4015acdd3b8075fac,0.11830057945257784,0.010949241694568082,0.8552107042347092,0.015539474618144825
241,2c9180935b853a2d015b8bc9ea265438,0.9974514790962877,0.0008893619947909735,0.0001417217261345154,0.0015174371827868123
242,2c9180935b853a2d015b8bc9ea265436,0.9975710768641635,0.000992096627036787,0.00022930556601828206,0.0012075209427816309
243,2c91808e5aba7da4015acd84a62d5b30,0.9975710768641635,0.000992096627036787,0.00022930556601828206,0.0012075209427816309
244,2c91809e5aba7d25015acda942fe264b,0.14035754925636923,0.0327465919289998,0.8236509853131776,0.0032448735014532788
245,2c9180935b853a2d015b8bc253ad53f3,0.9971749064464207,0.0011083910366188096,0.00021708317182586207,0.0014996193451347916
246,2c91809e5aba7d25015acd9fd7e12580,0.9971749064464207,0.0011083910366188096,0.00021708317182586207,0.0014996193451347916
247,2c91808e5aba7da4015acd68cea25a0c,0.12588504194246286,0.03626836247439133,0.8341991745989278,0.0036474209842180054
248,2c91808e5b853b1a015b8b9c5cfb4e31,0.12588504194246286,0.03626836247439133,0.8341991745989278,0.0036474209842180054
249,2c9180845aba7d30015acdb98289047e,0.9976759862915401,0.0007467739164088112,0.00010609805848616654,0.00147114173356497
250,2c9180ad5b853aa1015b8bb71bbc57ed,0.9976759862915401,0.0007467739164088112,0.00010609805848616654,0.00147114173356497
251,2c9180ad5b853aa1015b8bb71bbc57ef,0.99631564043896,0.0014055935115520404,0.00023242511534995628,0.002046340934137963
252,2c9180845aba7d30015acdb98289047f,0.99631564043896,0.0014055935115520404,0.00023242511534995628,0.002046340934137963
253,2c91808e5aba7da4015acdd3964e5faa,0.9979162397903218,0.0006729533390268178,0.00010045756055172268,0.001310349310099662
254,2c91808e5ba960a0015bab2cbc9615a1,0.9959146619358545,0.0017174923779528482,0.00034259493218457605,0.0020252507540079695
255,2c91809e5aba7d25015acda24fb625a1,0.9959146619358545,0.0017174923779528482,0.00034259493218457605,0.0020252507540079695
256,2c91809e5aba7d25015acdd6812d2a60,0.9981645524596381,0.0006983967612989436,0.00015212539662933997,0.0009849253824336856
257,2c91808e5aba7da4015acddfd49560bb,0.15599235529344585,0.022849122544501044,0.8196972754975527,0.0014612466645003304
258,2c91808d5aba7da4015acde809146502,0.05360979693341181,0.018812047984820432,0.9069825046280083,0.020595650453759263
259,2c91808e5aba7da4015acdad718f5d4d,0.07882577176760297,0.01427678392202981,0.889912542054198,0.016984902256169145
260,2c9180a55ba961a6015bab327ca31455,0.07882577176760297,0.01427678392202981,0.889912542054198,0.016984902256169145
261,2c91808d5aba7da4015acde809146505,0.9975432434772311,0.0008787301652525617,0.00014901678162375695,0.001429009575892502
262,2c91808e5b853b1a015b8b60d8374a04,0.20272162048189654,0.007532521165612713,0.7759196090589309,0.013826249293559904
263,2c91808e5aba7da4015acdbd98a75ea6,0.997475445021897,0.0008917324319550336,0.0001459869288766659,0.0014868356172714125
264,2c91808e5aba7da4015acdbd98a75ea3,0.997252812430083,0.0010677318373286395,0.00020693282794919665,0.0014725229046392064
265,2c9180ad5b853aa1015b8be26d245a4f,0.997252812430083,0.0010677318373286395,0.00020693282794919665,0.0014725229046392064
266,2c91809e5aba7d25015acd8b68112390,0.9975857337354564,0.0008442591995549164,0.00013790189267188913,0.0014321051723167563
267,2c9180ad5b853aa1015b8b8fdfc95597,0.9975647707053953,0.0008613219380481425,0.00014335159041347826,0.0014305557661429714
268,2c9180845aba7d30015acd9f1bc4032c,0.9979095093197258,0.0006578778536729035,9.381653045908293e-05,0.001338796296142238
269,2c9180a35b853b13015b8bde0f0058ad,0.8766573164999587,0.00022433778128003534,0.08772562149168953,0.03539272422707167
270,2c9180a35b853b13015b8bde0f0058a0,0.16080017317390305,0.026436216754714456,0.8104942579211857,0.002269352150196769
271,2c9180845aba7d30015acd9f1bc3031f,0.16080017317390305,0.026436216754714456,0.8104942579211857,0.002269352150196769
272,2c9180a35b853b13015b8bde0f00589c,0.8851974440235045,0.00023726044569458341,0.06433938246559558,0.05022591306520525
273,2c91809e5aba7d25015acd9fba2f256a,0.9978224513985816,0.0007107901243533795,0.00010634591442688538,0.0013604125626382507
274,2c91809e5aba7d25015acda942fe2641,0.12486830966880721,0.01038286119591336,0.8500948727887659,0.014653956346513517
275,2c91808e5aba7da4015acdd6a31a5ffd,0.9975167917659333,0.0009380777554338494,0.0001776189010377697,0.0013675115775951294
276,2c91808d5aba7da4015acdaab72c613b,0.037840590610819326,0.023516765912802967,0.9155928230406549,0.023049820435722863
277,2c91809e5aba7d25015acdb99fff27d4,0.9971121009090941,0.001050782921626732,0.0001732021665073894,0.001663914002771941
278,2c9180ad5b853aa1015b8be0a8835a19,0.471462650735353,0.006462473375762293,0.4876480027831746,0.034426873105710076
279,2c9180ad5b853aa1015b8be0a8835a1b,0.9971121009090941,0.001050782921626732,0.0001732021665073894,0.001663914002771941
280,2c91809e5aba7d25015acdbd77cd2837,0.9975417992664746,0.0008590338057041925,0.00013916362053761655,0.001460003307283591
281,2c9180935b853a2d015b8bdbb7ab554d,0.8713913098685665,0.00027759141610925924,0.06778899334210559,0.06054210537321878
282,2c91808d5aba7da4015acd9badff601e,0.8713913098685665,0.00027759141610925924,0.06778899334210559,0.06054210537321878
283,2c91808d5aba7da4015acd9badff6027,0.9979286575645532,0.0007367933105908833,0.00013206781366576888,0.0012024813111902398
284,2c91809e5aba7d25015acda5dd0e25fc,0.9978448101549859,0.0007126799547358248,0.00010954580997821293,0.0013329640802998116
285,2c91808d5aba7da4015acdbd583c6211,0.13342660277485874,0.010574080802130762,0.8388639119337657,0.01713540448924476
286,2c91809e5aba7d25015acdcf32e229ce,0.9975211364288831,0.0008964909202516979,0.0001549059975293316,0.0014274666533357924
287,2c91809e5aba7d25015acda24fb625a5,0.14589716516977086,0.010414218932816906,0.8248189112192049,0.018869704678207307
288,2c91808e5aba7da4015acda316005ccb,0.04493130581972891,0.020896312845472546,0.913031515301405,0.021140866033393615
289,2c9180a35b853b13015b8b693dc750fd,0.9975117264309799,0.0009595908688937631,0.0001901954970485191,0.001338487203077831
290,2c9180a35b853b13015b8b5e45a9509a,0.9974670998877943,0.0009763889812754677,0.00019193699935910168,0.0013645741315710834
291,2c9180a35b853b13015b8b693dc750fa,0.09146015674388668,0.014440050372370561,0.8715177449999709,0.022582047883771824
292,2c9180845aba7d30015acd98bc0902d3,0.08102513462965448,0.01425486923772441,0.8869742816177607,0.017745714514860376
293,2c91808e5aba7da4015acdd6162f5fd9,0.13912330389010424,0.034597182780686936,0.8225801979536955,0.003699315375513364
294,2c9180a35b853b13015b8b63c4a450c9,0.996107110636623,0.0015147042245431332,0.0002557960304399707,0.0021223891083938205
295,2c91808e5aba7da4015acdd6162f5fd4,0.8581590629365778,0.0003189683675823952,0.06189435019760684,0.07962761849823288
296,2c91809e5aba7d25015acdd1504a2a00,0.145154291095934,0.009159561828058329,0.8323314792635181,0.013354667812489616
297,2c91809e5aba7d25015acd98fc6924d5,0.870186918856286,0.0002605622195591349,0.08313124370205426,0.04642127522210058
298,2c91808e5ba96106015bab2f8b6513fd,0.9974267547526403,0.0008869973971590039,0.00013758104909485823,0.0015486668011057312
299,2c91808d5aba7da4015acd910b405f80,0.1501793532577681,0.028371383410691675,0.8189905124341303,0.0024587508974098548
300,2c91808d5aba7da4015acde809146509,0.8335766441013752,0.0003732008816893057,0.09692090952210686,0.06912924549482864
301,2c91808e5aba7da4015acdad718f5d4a,0.7838866695760317,0.0005458614325959401,0.09025004928483359,0.1253174197065388
302,2c91808d5aba7da4015acde80914650a,0.020888893915493843,0.03844457790661578,0.893967576770315,0.046698951407575476
303,2c9180a55ba961a6015bab327ca31452,0.7838866695760317,0.0005458614325959401,0.09025004928483359,0.1253174197065388
304,2c91808d5aba7da4015acde80914650f,0.07325671128157264,0.016286879963555122,0.8879322186185048,0.022524190136367524
305,2c9180a55ba961a6015bab327ca3144a,0.12045848530697953,0.04677776931487341,0.826050007963645,0.006713737414502019
306,2c91809e5aba7d25015acd8793a8231f,0.8844403117677865,0.00018281170148662382,0.09001473767378998,0.025362138856936875
307,2c91809e5ba96014015bab30da41167f,0.9978448101549859,0.0007126799547358248,0.00010954580997821293,0.0013329640802998116
308,2c91808e5aba7da4015acda316015ccf,0.9969695229238168,0.0012785885666122745,0.00029335252138002035,0.001458535988190825
309,2c91809e5ba96014015bab358c131729,0.8946275726290633,0.0001864875867968049,0.0741301793465306,0.031055760437609353
310,2c91808e5aba7da4015acd97fac15c26,0.9970857904383987,0.0010720274549681397,0.00018004870887862088,0.001662133397754341
311,2c91808e5ba96106015bab6991a51c67,0.17737620185903544,0.006706683599262199,0.8076600966437322,0.008257017897970082
312,2c91809e5aba7d25015acd8793a82321,0.09827855238739697,0.013719771656865859,0.8661725852008597,0.0218290907548774
313,2c9180a55ba961a6015bab3c70561657,0.04866190708716112,0.0832941642356339,0.8563960677034398,0.011647860973765179
314,2c91809e5aba7d25015acdb6308c27a8,0.8228402900935538,0.00041649125370399136,0.06346639115893893,0.11327682749380344
315,2c91808e5b853b1a015b8bf3079752d9,0.8228402900935538,0.00041649125370399136,0.06346639115893893,0.11327682749380344
316,2c91808e5aba7da4015acda32f655cd5,0.9974984334517838,0.0009146113882442001,0.00016102810788152903,0.0014259270520903468
317,2c9180ad5b853aa1015b8bc7076158f2,0.9973683701949884,0.0008625076637008266,0.00012108521678006248,0.0016480369245306784
318,2c91808e5aba7da4015acda32f655cdd,0.9973683701949884,0.0008625076637008266,0.00012108521678006248,0.0016480369245306784
319,2c9180845aba7d30015acdbc74bd04a8,0.9974762179835016,0.0009121807111072831,0.0001563236153191801,0.0014552776900718732
320,2c91808e5b853b1a015b8bd7f40551be,0.879753899671676,0.00022335009161201982,0.0831777089097633,0.03684504132694861
321,2c9180a35b853b13015b922b89b32285,0.8686173710233978,0.00028672195172624337,0.06709088988369304,0.06400501714118288
322,2c91808e5ba960a0015bab26ba0b1474,0.8905091642868252,0.00019064150955900853,0.0789039323191438,0.030396261884471903
323,2c91809e5aba7d25015acd9b56c324e8,0.8905091642868252,0.00019064150955900853,0.0789039323191438,0.030396261884471903
324,2c9180935b853a2d015b8b8324be4f28,0.04583897102054155,0.021153604333701257,0.910064492709565,0.02294293193619213
325,2c9180935b853a2d015b8b8324be4f34,0.09485203983957763,0.012206937830203398,0.8783345949433827,0.014606427386836289
326,2c9180845aba7d30015acdbc74bd04bf,0.9974514790962877,0.0008893619947909735,0.0001417217261345154,0.0015174371827868123
327,2c9180a35b853b13015b8b74460751fa,0.997097273081691,0.0012734622731185139,0.00033714791573647026,0.001292116729453865
328,2c9180ad5b853aa1015b8be26d245a45,0.5194658454728778,0.0008262848844989807,0.43226650298901576,0.04744136665360746
329,2c91808e5aba7da4015acdbd98a75ebb,0.9970836829527581,0.0010966258242252485,0.0001928002591568881,0.001626890963859864
330,2c9180845aba7d30015acd9f725b033d,0.008841992772356116,0.27543971082378577,0.7146791075280687,0.0010391888757893524
331,2c9180845aba7d30015acd9f725b033b,0.15874917462073715,0.00884162413906867,0.8183409823836754,0.014068218856518901
332,2c9180ad5b853aa1015b8b88d3705511,0.16672805441822386,0.02504375684773134,0.8061419551406528,0.00208623359339195
333,2c91809e5aba7d25015acde7c2c62b6a,0.8478578084803424,0.00033756665098870974,0.08529097250204194,0.0665136523666269
334,2c9180935b853a2d015b8bc253ad53ec,0.9968632940682843,0.0012024099121830654,0.00021412085262273177,0.001720175166909824
335,2c91809659f86230015a088b500a6899,0.9970727486174285,0.0011475346988342179,0.00022107752156868768,0.001558639162168633
